811111111111 1111111111. 49 ’

11111 (1111111, wie HM, ΒΚ, 11111111 111 111 Η11111111111 IN,
111111 1111111111 11111111 (111111 BK 11111111 111 11111111
31113111 ΗΜ. 111 1111111111 1111111111 ΑΗΘ 1111111 111 Am,
und ABG 1111111111 1111111 111 AHO. 11 1111111111 1111111-
folgo sind also 111 1111111111, 111 1111111111 111 1111111111,
11111111.

11111111111 1111, 1111 111 11111111, 11111111 das Ver-
1111111 111Η1111 11 111111111111111 111111111111111 111
[1111111111 111, 111111 grosse 81111111111 haben. 1111111-
1111 AB 111 1111111111 111 (1111111111 111110 111 Ηό11
1111111111111, so ist 11111, 1111 1111111111130, 111Η11111
11111111111111111, 1111111111 111111 wie 111111 111, 11111 BO
111 1111111111 111 AB 111 Ηὸ11 111, 1111 1111 111 11114
1111111 dieser 111111 1111111111 1111113)

111 will 111 1111111 11111 111111111, 11111 micham 111111
Tage 111 11111111 Betraohtung dieses 811111 111111111 11111.
[1111111111111111111 11111 dem 11111 1111 Mahnung 1111,
1111 111· 1111111111 11111111 11111111111 11111. 111 1111 Ι111-
1111111 so gesohlossen: 11111 111111111111111 111 11111111-
11111, 11111111 Κῦη111 11111111111111 111111111111 111 811111
111111, so 1111111111 11111 111111111 Romam, 111111 111
111 11111111 1111111111 ΑΟ 11111111, 1111111111111 1111111111
immor analog 1111 dem Verhisstnis 111 1111111 111 1111111.
Dies 111 aber 111111; 111 11111 111 111Β111111 111 1111 ge·
, geben 11111, 111 11111111111 111 1111111111 halb so gross
1111 11111111 111· 1111111 11 1111111 (wie 11 111 111111111-
11111 Betraohtung 111 11111111111111 1111111 11111111, 111
11111 11111 111111111111111 1111 111 111111111111111111 11111111
1111111111 11111111 11111), 11 11111 111 ihrer Κ1111111111-
1111111111 111111111111 111 weit von 111111111111111111111.
Denn 11111 111 11111111, 111 (111 31111111 Α111111111111111,
1111111 111 11111111 1111111111. Dies wird 1111 111 dem
81111111 1111131111, 11111 1111111111 111 111 111 111 1111111
11111111 (11115111111 111 111 11111111111111111111. ,

1111111111. Fur abgestumpfte Kegel 11111111111 ,.
1111111111, 111111 dem einen, 1111 1111 1111111111 ’
111111 Stumpf 11111111 111111111, 111111 Seite 1111
11111111111111(1111111111)11111311111111, 1111111-
1111111 111 11111111111111 1111111, 111 1111111111
111111111111111111111111 1111111111 11111111111111,
111 11 111 1111111 111111111111111111111111111.

Weil 111 11111111 11111111 111 Seite 111 81111111 111

01111111 1111111111. 161. 4

 

