6 18181188 1188181.

1881818188 (8181118181118) fiber 1811111181 in 18111118 181
1811111118. 1811881181 man 188 ganzo 1811 11 881181 111111·-
1181811811, so 1811181 118 ganzo von mir 111181 8181111181
(1818)18181811818Η8118118ς118111811181, 118 8181 818 11181
81181181181 818181181 Τ111181 1188118188111. 118 181 8188
11 18881181, 181 8181 118181, 1181811881 81111818111111181 .
11188181 18118111181 811188 fehlt, 118 1118818181 in 181
’1111118 8181 1811 (111181 88111 1811 1811 18111111181111811
818111 18111118111881111, 1111111 immor 8181 8118 1111118
81; 8811181181 11811 181 Zylinder 8181 ganz geloert hat, 118111
immor 1881 811 11881 11 111818181 1811 188 (1111818. Wer
111118 181 81181 8818181 Regellosigkeit von einer 1811118118-
mflssigen Behandlung Hilfe 8111811811 ,

Nun 111118 8181 111 811 81111181 18118811 811811811181
8811, 111111 181 Η81118111 81188 188888 181 181 1811 81188
1811181181 Kegelstumpfes 8118111113 8181818181181811818 81-
18181 11 11111181. 118 181 8181111 1. 1811 81111111 worden,
181 181 181 (188181811118181118118 Bereohnung vorliegt 111
181 111811 1811811181 Α188111118 81188 1188818, 11 18181 8181
(118 18118118 81188 Kegelstumpfes 8181 188888 gehenon, 118
11181 118 0181111818 (181 818118181181 1188181811 18818111
werden, 11811 818 parallel 111 18188 188 1111111188 111 8811(-
18811811 (118 1818118818 (1111118818 1181181Η111181 8181 811
181 111818 um 181 Β8181 188 188888 181.

Uber 11888 Kegelsegmente mssge 18181 8181 11818111888
Platz 11181 111 Aufmuntorung 111 118 (18818181, 181111 818,
118 118181 118881 1811811181 Verwendung 818111111181 11811
18881111381 11 1118881 31811181, 1118111181, 18811811 ihre
18118111118111181111888 liegt, aus 111811 1811818 81188181
1111118111181118811111181, 181 11181818118 8188 118181, ob
8118818181118181818811111, 8118181181 11181 81181 111· 18188
8818118181 11118181 118811811881811811111, zum ganzen Kegel
in 811811 1811811118 81818, 188 8181 818 18111811111118 881181
(1111111818 111 (1111111818 1881181818 111 1811 881181 Ηὸ18
111Η118 1881188818 1188118188111. 111888 Moinung liegt 11181
88111818, 818181 8181 1811881 181881. 1118888 1811111118 181
11111181 1181111 111 188 18111811 81188 1181118181 gleichseitig'en
Regels, das durch einen 1811111 111811811818118181181811,
111 1181118181 mit 811811 bestimmten 1118181 118181 111181
8181 1188881811811 81188 1181818811181 Kegels 1181181 818188
81188 1118181 (881181811Κ81818 1181 181881181 (1111111818, 1811
88 geht in 8118111118 818, 11111811 18818111818 8181 8118

 

